1453
1436
1447
1436
1452
1453
1435
1452
1446
1458
1439
1454
1441
1450
1451
1438
1452
1435
1443
1440
1452
1448
1443
1453
1451
1439
1445
1434
1453
1446
1450
1450
1458
1458
1446
1442
1450
1454
1458
1458
1452
1458
1451
1435
1443
1450
1455
1443
1450
1450
1451
1439
1442
1452
1450
1436
1453
1452
1451
1448
1441
1445
1452
1438
1443
1444
1458
1451
1450
1447
1438
1442
1446
1443
1451
1458
1447
1449
1452
1452
1442
1454
1450
1447
1445
1445
1454
1438
1442
1451
1437
1443
1450
1458
1450
1452
1450
1446
1450
1439
1454
1448
1436
1443
1435
1454
1454
1458
1446
1450
1451
1439
1438
1450
1450
1442
1450
1444
1445
1458
1435
1443
1450
1458
1429
1437
1450
1435
1450
1439
1446
1451
1453
1448
1446
1446
1453
1438
1440
1446
1439
1451
1439
1452
1446
1445
1435
1444
1448
1458
1451
1453
1458
1450
1455
1445
1442
1453
1452
1448
1448
1443
1450
1452
1446
1448
1452
1445
1454
1450
1451
1442
1455
1440
1447
1450
1452
1446
1451
1452
1443
1443
1438
1450
1454
1443
1443
1446
1441
1454
1451
1450
1453
1446
1446
1453
1444
1454
1443
1451
1452
1448
1448
1444
1453
1446
1450
1439
1446
1446
1452
1446
1434
1450
1447
1453
1443
1440
1438
1451
1458
1427
1446
1451
1453
1437
1453
1444
1450
1439
1450
1453
1453
1442
1458
1458
1435
1458
1437
1458
1433
1447
1451
1450
1443
1453
1452
1453
1458
1444
1454
1454
1453
1452
1444
1443
1446
1454
1448
1443
1439
1446
1436
1435
1454
1439
1450
1450
1442
1453
1450
1454
